862
250 47
250 781
179 536
215 242
313 768
199 214
117 49
460 436
508 517
312 202
731 670
234 306
66 386
525 710
762 823
817 820
392 723
456 167
288 323
276 379
39 34
192 190
230 138
132 83
734 51
270 360
20 93
478 167
85 6
203 487
670 593
695 669
76 420
784 18
35 97
223 232
87 416
108 367
410 233
365 489
543 79
106 719
261 570
298 120
243 261
334 68
35 64
843 180
164 209
586 510
182 453
316 8
94 144
171 535
12 91
600 614
271 826
520 212
672 168
58 81
696 606
340 129
51 11
3 17
109 105
381 245
26 639
2 223
567 487
206 548
200 642
1 9
760 426
66 649
518 434
455 671
571 442
455 217
29 98
211 368
228 125
46 71
259 177
292 151
574 458
860 441
341 135
707 471
91 297
54 505
280 274
184 18
77 706
263 15
113 40
745 571
319 121
55 44
712 829
167 196
678 425
77 71
94 26
616 858
191 40
66 161
20 22
56 18
5 19
688 550
288 283
559 205
551 778
13 303
270 110
446 294
853 217
212 258
293 160
683 515
828 841
468 496
222 69
181 36
806 260
837 157
7 4
2 1
49 73
666 215
269 509
48 11
171 59
415 238
159 856
397 762
53 18
229 240
9 114
240 593
547 582
43 413
15 14
616 237
23 33
625 239
223 364
228 269
433 151
77 800
315 187
604 774
41 296
687 221
217 238
63 96
641 137
701 31
8 3
322 499
155 140
93 411
590 3
13 65
43 41
546 356
30 702
300 298
321 161
431 54
163 21
643 814
614 773
107 437
107 55
136 38
636 635
180 42
798 425
332 135
72 23
216 338
765 515
842 678
370 581
415 809
320 492
71 483
566 103
447 700
852 736
212 74
46 102
4 152
528 231
38 6
404 230
169 335
585 269
71 310
220 588
179 11
119 236
162 635
785 298
787 183
441 805
353 721
334 579
700 769
334 584
401 263
835 158
235 5
351 162
606 52
732 780
582 644
776 532
430 164
261 691
37 84
280 345
380 306
19 31
114 141
288 772
163 436
165 234
131 51
790 611
131 194
369 668
276 532
81 135
176 669
18 20
43 759
560 95
44 429
631 316
28 9
241 108
294 262
699 274
37 27
421 507
629 40
19 110
277 191
368 463
283 362
553 452
51 284
82 522
35 24
469 491
783 187
91 817
405 383
1 348
306 461
11 104
822 717
11 3
159 175
296 305
597 293
545 68
302 399
450 206
613 500
758 15
515 371
777 224
549 591
474 38
535 561
361 233
634 614
493 605
506 578
95 9
100 170
149 600
172 144
660 547
275 262
681 225
172 287
114 609
380 730
497 810
440 238
801 481
124 142
30 513
623 828
326 125
25 1
646 375
718 30
209 833
49 190
525 575
322 25
562 56
253 49
3 449
76 80
318 497
157 186
54 66
143 271
150 141
54 76
277 741
685 247
357 116
25 54
221 595
347 81
517 659
83 160
299 77
510 104
836 447
293 538
248 157
553 761
590 818
751 272
542 371
137 749
403 253
36 1
390 185
3 1
461 476
460 622
157 834
182 88
608 203
57 31
279 737
224 86
542 552
86 337
40 283
273 250
830 719
563 782
740 317
193 15
637 845
2 60
104 108
59 27
67 178
374 408
46 512
862 674
327 482
393 184
624 859
4 70
100 128
467 704
221 182
21 156
689 632
11 262
209 418
311 74
675 47
419 204
512 735
811 352
123 174
213 391
460 550
141 227
346 301
330 572
136 243
16 692
22 45
464 194
84 92
131 177
345 569
225 466
6 516
20 850
385 655
17 363
467 624
325 713
708 130
23 329
630 395
259 502
99 457
831 743
848 835
458 77
167 407
568 15
793 844
371 312
5 218
133 1
743 126
603 214
281 763
136 187
63 23
429 467
153 728
135 314
251 328
226 610
2 50
119 63
129 3
254 168
195 12
484 355
368 468
470 19
230 245
159 92
427 25
682 383
256 112
79 51
594 365
29 802
34 10
557 61
112 388
523 514
88 106
141 148
390 698
645 470
63 547
577 466
6 115
693 426
743 824
106 229
576 339
501 249
58 279
266 236
127 524
554 159
124 382
50 366
471 106
317 243
307 304
267 290
444 422
504 821
540 235
625 789
372 27
56 122
189 140
385 251
414 592
586 679
286 96
599 72
79 374
59 202
352 565
1 12
521 249
442 490
205 40
771 237
123 121
249 245
387 434
793 304
89 58
596 665
406 286
242 680
400 292
703 74
286 727
6 169
72 389
49 116
21 130
24 477
88 373
764 192
28 32
489 729
486 555
309 86
99 225
111 65
455 791
359 106
5 120
378 109
706 709
203 295
369 213
438 61
137 98
74 100
327 355
738 165
26 2
17 18
355 775
487 602
654 203
651 199
289 19
13 14
269 336
102 732
420 530
432 827
847 611
148 246
108 417
197 252
40 58
264 623
625 861
192 796
120 583
315 333
245 412
188 330
146 73
549 37
549 722
41 27
304 448
105 211
677 432
89 173
739 590
429 648
263 376
231 61
116 207
815 96
525 344
525 587
162 754
473 53
506 417
90 105
140 650
258 472
237 61
485 392
74 46
854 276
4 2
383 331
274 225
316 638
162 155
203 177
551 64
118 247
428 185
145 85
278 544
181 508
612 579
514 663
595 640
59 69
215 61
664 560
324 183
125 282
625 799
21 7
426 363
123 375
637 254
90 10
48 78
49 26
43 168
284 313
819 495
98 344
11 167
229 558
305 394
197 94
3 101
4 165
3 6
378 425
45 83
219 94
276 138
201 537
249 281
78 534
309 435
155 667
126 94
176 779
494 168
643 494
13 3
22 343
803 199
255 37
365 14
291 662
748 369
533 29
18 87
60 153
569 839
627 556
479 47
265 495
533 628
753 706
289 327
131 151
52 24
154 70
409 539
257 222
421 116
320 432
217 104
63 200
504 405
7 308
120 201
29 350
452 74
7 125
736 629
34 88
352 262
601 459
271 424
589 619
124 78
12 118
213 167
285 23
349 49
564 652
46 43
80 199
158 318
459 427
185 498
170 488
62 9
183 22
855 781
40 25
633 142
207 397
601 851
34 121
147 144
770 757
65 166
29 44
226 207
103 39
40 840
234 531
17 75
472 607
857 73
61 23
747 209
632 323
210 414
589 392
786 144
264 209
720 589
427 573
106 423
384 37
76 617
162 302
239 208
285 756
120 134
332 596
500 341
686 192
341 792
9 10
23 3
30 15
158 21
757 187
122 392
673 342
813 593
358 150
221 462
176 129
74 267
5 188
210 18
697 585
43 705
715 97
310 441
260 37
99 10
794 164
580 157
83 86
269 342
361 563
767 628
529 91
260 493
378 846
838 475
526 496
61 755
656 164
208 186
304 78
545 674
204 99
47 18
263 714
409 315
75 439
829 832
302 684
527 139
68 481
598 478
620 191
42 2
234 265
816 560
157 14
138 29
209 653
711 243
180 356
54 647
615 474
265 676
164 59
333 618
746 464
62 422
353 83
679 742
451 259
486 477
